name: jte-lab-timetabling
channels:
  - conda-forge
dependencies:
  - asgiref=3.7.2=pyhd8ed1ab_0
  - backports.zoneinfo=0.2.1=py310h5588dad_7
  - bzip2=1.0.8=h8ffe710_4
  - ca-certificates=2023.7.22=h56e8100_0
  - django=4.1.7=pyhd8ed1ab_0
  - djangorestframework=3.14.0=pyhd8ed1ab_0
  - libffi=3.4.2=h8ffe710_5
  - libsqlite=3.42.0=hcfcfb64_0
  - libzlib=1.2.13=hcfcfb64_5
  - openssl=3.1.2=hcfcfb64_0
  - pip=23.2.1=pyhd8ed1ab_0
  - python=3.10.12=h4de0772_0_cpython
  - python_abi=3.10=3_cp310
  - pytz=2023.3=pyhd8ed1ab_0
  - setuptools=68.1.2=pyhd8ed1ab_0
  - sqlparse=0.4.4=pyhd8ed1ab_0
  - tk=8.6.12=h8ffe710_0
  - typing_extensions=4.7.1=pyha770c72_0
  - tzdata=2023c=h71feb2d_0
  - ucrt=10.0.22621.0=h57928b3_0
  - vc=14.3=h64f974e_17
  - vc14_runtime=14.36.32532=hfdfe4a8_17
  - vs2015_runtime=14.36.32532=h05e6639_17
  - wheel=0.41.1=pyhd8ed1ab_0
  - xz=5.2.6=h8d14728_0
prefix: C:\Users\hdiop\mambaforge\envs\jte-lab-timetabling
