name: jte-lab-timetabling
channels:
  - conda-forge
dependencies:
  - asgiref=3.7.2=pyhd8ed1ab_0
  - backports.zoneinfo=0.2.1=py310h5588dad_7
  - bzip2=1.0.8=h8ffe710_4
  - ca-certificates=2023.7.22=h56e8100_0
  - cairo=1.16.0=hdecc03f_1016
  - django=4.1.7=pyhd8ed1ab_0
  - django-extensions=3.2.3=pyhd8ed1ab_0
  - djangorestframework=3.14.0=pyhd8ed1ab_0
  - expat=2.5.0=h63175ca_1
  - font-ttf-dejavu-sans-mono=2.37=hab24e00_0
  - font-ttf-inconsolata=3.000=h77eed37_0
  - font-ttf-source-code-pro=2.038=h77eed37_0
  - font-ttf-ubuntu=0.83=hab24e00_0
  - fontconfig=2.14.2=hbde0cde_0
  - fonts-conda-ecosystem=1=0
  - fonts-conda-forge=1=0
  - freetype=2.12.1=h546665d_1
  - fribidi=1.0.10=h8d14728_0
  - getopt-win32=0.1=h8ffe710_0
  - gettext=0.21.1=h5728263_0
  - graphite2=1.3.13=1000
  - graphviz=8.1.0=h51cb2cd_0
  - gts=0.7.6=h6b5321d_4
  - harfbuzz=7.3.0=h196d34a_0
  - icu=72.1=h63175ca_0
  - krb5=1.21.2=heb0366b_0
  - lerc=4.0.0=h63175ca_0
  - libdeflate=1.18=hcfcfb64_0
  - libexpat=2.5.0=h63175ca_1
  - libffi=3.4.2=h8ffe710_5
  - libgd=2.3.3=h2ed9e1d_6
  - libglib=2.76.4=he8f3873_0
  - libiconv=1.17=h8ffe710_0
  - libjpeg-turbo=2.1.5.1=hcfcfb64_0
  - libpng=1.6.39=h19919ed_0
  - libpq=15.4=h43585b0_0
  - libsqlite=3.42.0=hcfcfb64_0
  - libtiff=4.5.1=h6c8260b_0
  - libwebp=1.3.1=hcfcfb64_0
  - libwebp-base=1.3.1=hcfcfb64_0
  - libxcb=1.15=hcd874cb_0
  - libzlib=1.2.13=hcfcfb64_5
  - m2w64-gcc-libgfortran=5.3.0=6
  - m2w64-gcc-libs=5.3.0=7
  - m2w64-gcc-libs-core=5.3.0=7
  - m2w64-gmp=6.1.0=2
  - m2w64-libwinpthread-git=5.0.0.4634.697f757=2
  - msys2-conda-epoch=20160418=1
  - openssl=3.1.2=hcfcfb64_0
  - pango=1.50.14=hd64ce24_1
  - pcre2=10.40=h17e33f8_0
  - pip=23.2.1=pyhd8ed1ab_0
  - pixman=0.40.0=h8ffe710_0
  - psycopg2=2.9.6=py310h709a2f1_0
  - pthread-stubs=0.4=hcd874cb_1001
  - pygraphviz=1.11=py310h7694aa6_0
  - python=3.10.12=h4de0772_0_cpython
  - python_abi=3.10=3_cp310
  - pytz=2023.3=pyhd8ed1ab_0
  - setuptools=68.1.2=pyhd8ed1ab_0
  - sqlparse=0.4.4=pyhd8ed1ab_0
  - tk=8.6.12=h8ffe710_0
  - typing_extensions=4.7.1=pyha770c72_0
  - tzdata=2023c=h71feb2d_0
  - ucrt=10.0.22621.0=h57928b3_0
  - vc=14.3=h64f974e_17
  - vc14_runtime=14.36.32532=hfdfe4a8_17
  - vs2015_runtime=14.36.32532=h05e6639_17
  - wheel=0.41.1=pyhd8ed1ab_0
  - xorg-kbproto=1.0.7=hcd874cb_1002
  - xorg-libice=1.1.1=hcd874cb_0
  - xorg-libsm=1.2.4=hcd874cb_0
  - xorg-libx11=1.8.6=hefa74cf_0
  - xorg-libxau=1.0.11=hcd874cb_0
  - xorg-libxdmcp=1.1.3=hcd874cb_0
  - xorg-libxext=1.3.4=hcd874cb_2
  - xorg-libxpm=3.5.16=hcd874cb_0
  - xorg-libxt=1.3.0=hcd874cb_1
  - xorg-xextproto=7.3.0=hcd874cb_1003
  - xorg-xproto=7.0.31=hcd874cb_1007
  - xz=5.2.6=h8d14728_0
  - zlib=1.2.13=hcfcfb64_5
  - zstd=1.5.2=h12be248_7
prefix: C:\Users\hdiop\mambaforge\envs\jte-lab-timetabling
